0.490547 0.437594 1.000000 0.283582 0.351786 0.009662 0.332958 0.000000 0.000000 1.000000
0.250249 0.421053 0.790646 0.447761 0.567857 0.062802 0.223847 0.000000 0.000000 1.000000
0.311940 0.381955 0.806236 0.335821 0.583929 0.088567 0.256468 0.000000 0.000000 1.000000
0.312438 0.386466 0.801782 0.298507 0.585714 0.093398 0.267717 0.000000 0.000000 1.000000
0.399502 0.497744 0.797327 0.384328 0.405357 0.090177 0.282340 0.000000 0.000000 1.000000
0.226866 0.299248 0.770601 0.455224 0.605357 0.107890 0.258718 0.000000 0.470588 1.000000
0.235821 0.323308 0.763920 0.395522 0.619643 0.111111 0.254218 0.000000 0.470588 1.000000
0.322388 0.282707 0.799555 0.361940 0.621429 0.093398 0.304837 0.000000 0.000000 1.000000
0.332836 0.293233 0.817372 0.305970 0.589286 0.098229 0.327334 0.000000 0.000000 1.000000
0.396020 0.476692 0.830735 0.313433 0.412500 0.009662 0.348706 0.000000 0.000000 1.000000
0.315920 0.314286 0.790646 0.429104 0.525000 0.086957 0.307087 0.000000 0.372549 1.000000
0.308955 0.308271 0.806236 0.354478 0.532143 0.095008 0.327334 0.000000 0.000000 1.000000
0.300995 0.398496 0.779510 0.302239 0.542857 0.080515 0.296963 0.000000 0.000000 1.000000
0.337313 0.372932 0.775056 0.399254 0.505357 0.095008 0.296963 0.000000 0.000000 1.000000
0.324876 0.275188 0.783964 0.406716 0.596429 0.091787 0.309336 0.000000 0.000000 1.000000
0.324876 0.288722 0.792873 0.358209 0.583929 0.098229 0.326209 0.000000 0.274510 1.000000
0.328358 0.318797 0.775056 0.332090 0.564286 0.098229 0.311586 0.028571 0.431373 1.000000
0.332338 0.294737 0.788419 0.373134 0.560714 0.091787 0.332958 0.000000 0.000000 1.000000
0.395025 0.475188 0.786192 0.365672 0.357143 0.082126 0.336333 0.034921 0.000000 1.000000
0.546269 0.523308 0.850780 0.048507 0.350000 0.017713 0.425197 0.000000 0.000000 1.000000
0.337313 0.309774 0.779510 0.291045 0.575000 0.103060 0.335208 0.000000 0.000000 1.000000
0.330348 0.372932 0.755011 0.369403 0.526786 0.095008 0.314961 0.000000 0.000000 1.000000
0.333831 0.300752 0.763920 0.317164 0.560714 0.099839 0.334083 0.000000 0.588235 1.000000
0.375124 0.369925 0.750557 0.313433 0.519643 0.091787 0.341957 0.000000 0.313725 1.000000
0.551244 0.372932 0.839644 0.167910 0.389286 0.020934 0.475816 0.000000 0.000000 1.000000
0.599502 0.449624 0.828508 0.063433 0.346429 0.014493 0.480315 0.000000 0.313725 1.000000
0.344776 0.406015 0.639198 0.317164 0.541071 0.088567 0.364454 0.000000 0.000000 1.000000
0.329851 0.372932 0.625835 0.354478 0.566071 0.082126 0.363330 0.000000 0.176471 1.000000
0.049751 0.339850 0.772829 0.291045 0.566071 0.099839 0.287964 0.000000 0.607843 1.000000
0.317910 0.413534 0.832962 0.309701 0.567857 0.095008 0.251969 0.000000 0.000000 1.000000
0.393035 0.431579 0.806236 0.287313 0.505357 0.022544 0.334083 0.000000 0.000000 1.000000
0.525871 0.418045 0.859688 0.201493 0.353571 0.037037 0.421822 0.000000 0.215686 1.000000
0.525871 0.413534 0.832962 0.208955 0.392857 0.028986 0.429696 0.000000 0.137255 1.000000
0.515920 0.348872 0.812918 0.197761 0.430357 0.030596 0.456693 0.000000 0.333333 1.000000
0.515920 0.359398 0.797327 0.208955 0.426786 0.037037 0.453318 0.000000 0.313725 1.000000
0.228358 0.621053 0.817372 0.522388 0.367857 0.025765 0.176603 0.000000 0.235294 2.000000
0.237811 0.354887 0.799555 0.440299 0.587500 0.107890 0.229471 0.000000 0.000000 2.000000
0.239303 0.344361 0.792873 0.447761 0.589286 0.115942 0.237345 0.000000 0.000000 2.000000
0.263682 0.407519 0.804009 0.447761 0.460714 0.106280 0.251969 0.000000 0.000000 2.000000
0.247761 0.479699 0.783964 0.339552 0.548214 0.059581 0.241845 0.000000 0.274510 2.000000
0.237313 0.320301 0.783964 0.664179 0.508929 0.111111 0.245219 0.000000 0.000000 2.000000
0.264179 0.403008 0.790646 0.339552 0.535714 0.109501 0.259843 0.000000 0.000000 2.000000
0.146269 0.529323 0.688196 0.649254 0.441071 0.177134 0.145107 0.000000 0.000000 2.000000
0.225871 0.377444 0.777283 0.421642 0.614286 0.061192 0.251969 0.000000 0.000000 2.000000
0.250249 0.342857 0.779510 0.425373 0.550000 0.096618 0.262092 0.000000 0.000000 2.000000
0.361194 0.330827 0.832962 0.287313 0.441071 0.103060 0.356580 0.000000 0.431373 2.000000
0.235323 0.359398 0.759465 0.462687 0.616071 0.011272 0.292463 0.000000 0.372549 2.000000
0.255721 0.297744 0.741648 0.429104 0.619643 0.107890 0.275591 0.000000 0.000000 2.000000
0.361194 0.344361 0.806236 0.268657 0.451786 0.103060 0.375703 0.000000 0.294118 2.000000
0.285572 0.291729 0.641425 0.511194 0.607143 0.117552 0.309336 0.000000 0.000000 2.000000
0.268657 0.303759 0.634744 0.410448 0.617857 0.091787 0.337458 0.034921 0.431373 2.000000
0.350746 0.284211 0.614699 0.182836 0.714286 0.056361 0.408324 0.000000 0.392157 2.000000
0.644279 0.466165 0.645880 0.309701 0.239286 0.012882 0.562430 0.000000 0.000000 2.000000
1.000000 0.000000 0.000000 0.656716 0.000000 0.093398 0.844769 1.000000 0.549020 2.000000
0.550746 0.556391 0.000000 0.246269 0.510714 0.016103 0.644544 0.000000 0.156863 2.000000
0.770647 0.075188 0.000000 0.160448 0.607143 0.000000 1.000000 0.000000 0.000000 2.000000
0.826866 0.287218 0.000000 0.123134 0.394643 0.009662 0.968504 0.000000 0.000000 2.000000
0.364179 0.356391 0.884187 0.317164 0.469643 0.096618 0.296963 0.000000 0.000000 2.000000
0.355224 0.377444 0.868597 0.399254 0.450000 0.088567 0.283465 0.000000 0.196078 2.000000
0.277612 0.386466 0.810690 0.444030 0.485714 0.104670 0.251969 0.000000 0.568627 2.000000
0.362687 0.378947 0.837416 0.365672 0.462500 0.093398 0.295838 0.000000 0.000000 2.000000
0.284577 0.375940 0.788419 0.425373 0.541071 0.090177 0.259843 0.000000 0.000000 2.000000
0.528358 0.371429 0.819599 0.302239 0.525000 0.086957 0.307087 0.000000 0.000000 2.000000
0.274627 0.332331 0.804009 0.343284 0.525000 0.090177 0.316085 0.000000 0.000000 2.000000
0.474129 0.424060 0.465479 0.496269 0.423214 0.085346 0.425197 0.085714 0.333333 2.000000
0.528358 0.454135 0.224944 0.380597 0.425000 0.053140 0.601800 0.000000 0.000000 2.000000
0.347264 0.406015 0.886414 0.313433 0.478571 0.093398 0.265467 0.000000 0.000000 2.000000
0.346269 0.390977 0.857461 0.339552 0.530357 0.083736 0.262092 0.000000 0.000000 2.000000
0.343781 0.341353 0.846325 0.276119 0.582143 0.090177 0.291339 0.000000 0.235294 2.000000
0.278109 0.309774 0.783964 0.447761 0.633929 0.106280 0.237345 0.000000 0.000000 2.000000
0.286070 0.390977 0.788419 0.473881 0.487500 0.109501 0.260967 0.000000 0.000000 2.000000
0.272139 0.318797 0.781737 0.410448 0.571429 0.109501 0.274466 0.019048 0.490196 2.000000
0.271144 0.339850 0.708241 0.332090 0.564286 0.093398 0.339708 0.000000 0.470588 2.000000
0.325373 0.439098 0.815145 0.287313 0.528571 0.017713 0.316085 0.000000 0.000000 3.000000
0.276119 0.377444 0.795100 0.388060 0.516071 0.090177 0.298088 0.000000 0.196078 3.000000
0.273632 0.362406 0.768374 0.529851 0.476786 0.096618 0.291339 0.000000 0.333333 3.000000
0.330348 0.437594 0.812918 0.115672 0.569643 0.009662 0.353206 0.000000 0.000000 3.000000
0.288060 0.320301 0.797327 0.361940 0.500000 0.098229 0.337458 0.000000 0.000000 3.000000
0.268657 0.403008 0.755011 0.350746 0.505357 0.083736 0.321710 0.000000 0.000000 3.000000
0.328856 0.421053 0.759465 0.440299 0.398214 0.093398 0.337458 0.000000 0.000000 3.000000
0.356716 0.390977 0.743875 0.447761 0.416071 0.090177 0.359955 0.000000 0.000000 3.000000
0.545274 0.520301 0.841871 0.212687 0.276786 0.037037 0.376828 0.000000 0.725490 3.000000
0.398010 0.300752 0.412027 0.567164 0.514286 0.096618 0.483690 0.000000 0.000000 5.000000
0.515423 0.045113 0.380846 0.455224 0.648214 0.093398 0.655793 0.000000 0.000000 5.000000
0.274129 0.320301 0.000000 0.555970 0.726786 0.156200 0.492688 0.000000 0.000000 5.000000
0.623881 0.407519 0.000000 0.462687 0.430357 0.051530 0.725534 0.000000 0.000000 5.000000
0.102488 0.341353 0.000000 1.000000 0.158929 1.000000 0.128234 0.000000 0.000000 5.000000
0.469154 0.318797 0.358575 0.682836 0.423214 0.122383 0.439820 0.076190 1.000000 5.000000
0.393035 0.491729 0.532294 0.455224 0.457143 0.000000 0.425197 0.000000 0.000000 6.000000
0.355224 0.560902 0.498886 0.477612 0.458929 0.000000 0.390326 0.000000 0.000000 6.000000
0.091542 0.551880 0.387528 0.447761 0.846429 0.000000 0.202475 0.000000 0.000000 6.000000
0.398507 0.514286 0.000000 0.652985 0.523214 0.000000 0.572553 0.000000 0.000000 6.000000
0.000000 1.000000 0.000000 0.000000 1.000000 0.000000 0.096738 0.000000 0.000000 6.000000
0.359701 0.539850 0.726058 0.701493 0.257143 0.235105 0.000000 0.517460 0.000000 7.000000
0.563184 0.621053 0.489978 0.641791 0.080357 0.122383 0.446569 0.000000 0.000000 7.000000
0.247761 0.473684 0.396437 0.541045 0.587500 0.000000 0.323960 0.241270 0.000000 7.000000
0.252736 0.521805 0.000000 0.914179 0.651786 0.006441 0.365579 0.126984 0.176471 7.000000
0.282587 0.575940 0.000000 0.611940 0.621429 0.000000 0.307087 0.498413 0.137255 7.000000
0.219403 0.472180 0.000000 0.820896 0.610714 0.022544 0.407199 0.257143 0.019608 7.000000
0.206965 0.548872 0.000000 0.865672 0.587500 0.006441 0.370079 0.203175 0.000000 7.000000
0.195522 0.664662 0.000000 0.712687 0.658929 0.000000 0.286839 0.200000 0.000000 7.000000
0.198507 0.619549 0.000000 0.776119 0.698214 0.000000 0.292463 0.177778 0.000000 7.000000
0.249751 0.634586 0.000000 0.720149 0.623214 0.000000 0.328459 0.212698 0.000000 7.000000
0.263682 0.633083 0.000000 0.570896 0.589286 0.000000 0.323960 0.438095 0.000000 7.000000
0.261194 0.547368 0.000000 0.895522 0.542857 0.000000 0.411699 0.171429 0.000000 7.000000
0.283582 0.630075 0.000000 0.615672 0.580357 0.000000 0.293588 0.504762 0.000000 7.000000
0.266667 0.548872 0.000000 0.597015 0.678571 0.000000 0.302587 0.498413 0.000000 7.000000